[1,["12Y9dMgWdJKJGmTiZyQR9H@a804a","fcGkaQCFVJ3ZXRqgR/2tbQ","bbDEZyygpFdrHV+dwTcIWv","8f6HkzQBtNBJMcoQPqFRLR@97cd9","8f6HkzQBtNBJMcoQPqFRLR@4cc33","8f6HkzQBtNBJMcoQPqFRLR@5010d","8f6HkzQBtNBJMcoQPqFRLR@26dfd","50LV9K7PtGp5exmIye2Xca@1efe6","8f6HkzQBtNBJMcoQPqFRLR@e71ec","495/jwnulPnr7WOcCciKou@ca497","c4joyOur9J170fYjo70Yfc@22dcd","c4joyOur9J170fYjo70Yfc@7a57c","442ievK0VNRqSvyVD7zENa@c3e29","c5gSQDjvdHAZwpHYUEvDLe@59394","c5gSQDjvdHAZwpHYUEvDLe@5c108","c5gSQDjvdHAZwpHYUEvDLe@551ec","c5gSQDjvdHAZwpHYUEvDLe@1043e","c5gSQDjvdHAZwpHYUEvDLe@e1533","c5gSQDjvdHAZwpHYUEvDLe@637f2","c5gSQDjvdHAZwpHYUEvDLe@7f5e7","cdmewwMLJCw6DunSK+AZj9@3a370","32XBZxNL5Kb57URbLRxPrt@fd3c7","50LV9K7PtGp5exmIye2Xca@30732","50LV9K7PtGp5exmIye2Xca@a11d0","50LV9K7PtGp5exmIye2Xca@f1394","f1KiPEuSRDIqJgPZgkKPHo@f9941","28dl4vBApMZY6M+dC7edhj@6c48a","08Om4aub5DjpYAri15ynfT","de1Gdq2pFDvKdqTI2VKnJK","fcCb4LTllDVa1V6d1fa2M7","28dl4vBApMZY6M+dC7edhj@f9941","8f6HkzQBtNBJMcoQPqFRLR@30732","8f6HkzQBtNBJMcoQPqFRLR@a11d0","8f6HkzQBtNBJMcoQPqFRLR@f1394","eb2UGNEupHQZgkJ5EVVovs@83e10","12qdLFvM9IoLordCW7n65p@d10ec","17WJ8mjRlDYJmy1LOY+Ala@54fa4","a4FgaxzoNPC7HEW6cD5m6W@b3b1b","32XBZxNL5Kb57URbLRxPrt@eb2eb","d0MqyYBeFAkIi762QNy1/B@b47c0","6fAc9/gb9Kfr1dCvwZaWSA@b47c0","c2WF6k1KdOc5ciXaQFq323","f1KiPEuSRDIqJgPZgkKPHo@6c48a"],["node","_parent","_mesh","targetInfo","root","asset","_skeleton","target","_textureSource","vbMidBone","_graph","_spriteFrame","animGraph","boneRoot","source","_handle","_cameraComponent","ik","targetNode","actorMove","_target","scene","_normalSprite","_envmapHDR","_envmapLDR"],[["cc.Node",["_name","_id","_active","_objFlags","__editorExtras__","_layer","_parent","_components","_lpos","_children","_lrot","_euler","_lscale","_prefab"],-3,1,9,5,2,5,5,5,4],["cc.Node",["_name","_active","_id","_layer","_components","_children","_lpos","_parent"],-1,12,2,5,1],["cc.Node",["_name","_children","_lpos","_lrot","_euler","_parent"],2,12,5,5,5,1],"cc.SpriteFrame",["cc.Node",["_name","_active","_id","_parent","_components","_lpos","_children"],0,1,2,5,2],["cc.Node",["_name","_parent","_children","_lpos","_lrot","_euler"],2,1,9,5,5,5],["cc.PrefabInfo",["fileId","nestedPrefabInstanceRoots","targetOverrides","root","instance","asset"],0,1,4,6],["cc.PrefabInstance",["fileId","prefabRootNode","propertyOverrides","mountedComponents"],1,9,9],["a00989V8EhEGpILXSrxTN4c",["speed","smoothMove","_enabled","controller","node"],-1,1],["cc.CapsuleCharacterController",["_enabled","_slopeLimit","node","_center"],1,1,5],["cc.TargetOverrideInfo",["propertyPath","source","target","targetInfo","sourceInfo"],2,1,1,4,4],["cc.animation.AnimationController",["node","_graph"],3,1,6],["cc.Sprite",["_sizeMode","_type","node","_spriteFrame"],1,1,6],["cc.Widget",["_alignFlags","_top","_right","_bottom","node"],-1,1],["cc.Camera",["_visibility","_usePostProcess","_projection","_priority","_orthoHeight","_far","_clearFlags","node","_color"],-4,1,5],["52b2fAWR29Md4fbcmUHQI+k",["_enabled","node"],2,1],["cc.MeshRenderer",["_name","node","_materials","bakeSettings","_mesh"],2,1,3,4,6],["dc3cd9/z7RCvJhYysbsvF6k",["moveRoot","valueFootIKName","smoothHeight","quatFootKey","node","anim","root","footBone","midBone","vbMidBone","ballBone"],-1,1,1,1,1,1,1,1],["cc.Skeleton",["_name","_hash","_joints","_bindposes"],0,12],["cc.Mesh",["_native","_hash","_struct"],1,11],["cc.SceneAsset",["_name"],2],["f4cd0RMTKlJ5pPN/Hbgx5zp",["_enabled","count","node","vector"],1,1,5],["0c059iREGJJeri6um7j85Do",["smooth","node","animGraph"],2,1,1],["acab9OuaeNLMrbOXoWYmjoP",["showRunTime","node","boneRoot","boneColor"],2,1,1,5],["f4389NJ+/BKjpaU1no9COda",["node"],3,1],["caf02d12dxMSLuGFNymFdM5",["node"],3,1],["64838hN7qhGTZFsurh6q17E",["node"],3,1],["c48d4soceFPqZpgI5yh7zpQ",["node"],3,1],["b3e0441SDtMqaldL9QqCJcY",["node","target","curveCustom"],3,1,1,4],["cc.CurveRange",[],3],["cc.PrefabInfo",["root","asset","fileId","instance","targetOverrides","nestedPrefabInstanceRoots"],-1,9,2],["cc.MountedComponentsInfo",["targetInfo","components"],3,4,9],["cc.TargetInfo",["localID"],2],["CCPropertyOverrideInfo",["value","propertyPath","targetInfo"],1,1],["CCPropertyOverrideInfo",["propertyPath","targetInfo","value"],2,1,8],["CCPropertyOverrideInfo",["value","propertyPath","targetInfo"],1,4],["CCPropertyOverrideInfo",["propertyPath","targetInfo","value"],2,4,8],["cc.Scene",["_name","_children","_prefab","_globals"],2,2,4,4],["cc.SceneGlobals",["ambient","shadows","_skybox","fog","octree","skin","lightProbeInfo"],3,4,4,4,4,4,4,4],["cc.AmbientInfo",["_skyIllumHDR","_skyIllumLDR","_skyColorHDR","_skyColorLDR","_groundAlbedoLDR"],1,5,5,5],["cc.ShadowsInfo",["_shadowColor"],3,5],["cc.SkyboxInfo",["_enabled","_envmapHDR","_envmapLDR"],2,6,6],["cc.FogInfo",[],3],["cc.OctreeInfo",[],3],["cc.SkinInfo",["_enabled","_sssIntensity"],1],["cc.LightProbeInfo",[],3],["fbeacJjQuZEAbtmtlaKymUK",["node"],3,1],["cc.UITransform",["node","_contentSize"],3,1,5],["cc.Slider",["node","slideEvents","_handle"],3,1,9,1],["cc.ClickEvent",["_componentId","handler","target"],1,1],["00aa40ZCddN+IFcSF5x6VEW",["node"],3,1],["cc.SkeletalAnimation",["node","_clips"],3,1,3],["cc.Animation",["node"],3,1],["37314AQD1xLKIBSq2DoJyqP",["_enabled","node"],2,1],["cc.Canvas",["node","_cameraComponent"],3,1,1],["adfa7JrNT5IuKAHSExYQS6b",["maxRootAngle","node","ik","target"],2,1,1,1],["d4de4av0rlIV6iZZOG0ZmJ+",["smoothSlowMove","smoothAngle","waitTime","lookAtTarget","node","targetNode","cameraNode","targets"],-1,1,1,1,2],["4e0eeac2SVGPrWQmkdCyeFe",["masks","node","startNode","endNode"],2,1,1,1],["84539VoHOBNOryaP5G92LQN",["node","rotationNode","actorMove"],3,1,1,1],["cc.Button",["node","_normalColor","_target","_normalSprite"],3,1,5,1,6],["222d38rc/dPBZbQSWLeX5KS",["node","followNode"],3,1,1],["04af7+I/cxNjK770zoI/wGH",["angleSpeed","node"],2,1],["ab0d1sTdi5KGb0Cl597FE0Q",["wheelSpeed","node","distanceRange","cameraNode"],2,1,5,1],["cc.ModelBakeSettings",[],3],["cc.BoxCollider",["node"],3,1],["53e802WyhxI6L/WgGE2nM54",["group","node"],2,1],["0e4419Xd8VJhr3DHHsJ4B2S",["node","move"],3,1,1],["cc.RigidBody",["node"],3,1],["cd5bdYQYg9MhL56D3JEXVzi",["node"],3,1],["255b2dLzRlHa5ZYv1s3Iuem",["node","actorMove"],3,1,1],["cc.DirectionalLight",["_colorTemperature","_illuminanceHDR","node","_color","_staticSettings"],1,1,5,4],["cc.StaticLightSettings",[],3],["1ed65Hxm/5PM6pKmZnOJe1A",["node"],3,1],["cc.SkinnedMeshRenderer",["node","_materials","bakeSettings","_skinningRoot","_mesh","_skeleton"],3,1,3,4,1,6,6],["4022do3adVMFotSYiH8nDlE",["boneWeights","node","rootNode","aimNode","boneNodes"],2,1,1,1,2],["98c6823ou9KK74/N08P9H+9",["moveSpeedRate","angleSpeedRate","node","view","actorMove"],1,1,1,1],["e91a1vpp95Ogp4mCoSxgV81",["node","curveRange","curve"],3,1,4,4],["cc.RealCurve",[],3]],[[0,0,6,9,8,10,11,2],[0,0,6,8,10,11,2],[63,1],[16,0,1,2,3,4,2],[5,0,1,2,3,4,5,2],[64,0,1],[65,0,1,2],[0,0,6,7,8,12,2],[32,0,2],[34,0,1,2,2],[33,0,1,2,3],[2,0,5,1,2,3,4,2],[0,0,9,8,10,11,2],[0,0,6,7,8,10,12,11,2],[6,0,2,1,3,4,5,4],[7,0,1,2,3],[0,3,4,13,3],[2,0,1,2,3,4,2],[10,0,1,4,2,3,2],[73,0,1,2,3,4,5,1],[0,0,6,2],[0,0,6,8,2],[0,0,6,7,2],[0,0,6,9,10,11,2],[35,0,1,2,3],[16,1,2,3,4,1],[0,0,6,8,10,12,11,2],[2,0,5,1,2],[5,0,1,2,2],[36,0,1,2,2],[47,0,1,1],[14,0,1,7,3],[18,0,1,2,3,4],[0,0,9,7,2],[0,0,6,7,12,2],[0,0,6,9,7,8,10,12,11,2],[0,3,4,6,13,3],[0,0,6,7,8,2],[0,0,6,9,8,2],[0,0,2,6,7,10,11,3],[29,1],[15,1,1],[19,0,1,2,3],[20,0,2],[0,0,9,7,8,2],[0,0,1,6,9,3],[0,0,9,8,2],[0,0,5,9,7,8,3],[0,0,2,1,6,9,7,8,4],[0,0,6,7,8,10,11,2],[0,0,2,5,1,6,9,7,8,5],[0,0,6,9,7,2],[0,0,9,7,8,10,11,2],[0,0,2,1,6,9,7,4],[0,0,1,6,7,8,3],[0,0,2,1,6,7,8,10,11,4],[0,0,2,1,6,9,4],[0,0,1,6,7,8,10,11,3],[0,0,2,1,6,7,4],[0,0,6,7,10,11,2],[0,0,1,6,7,8,12,3],[1,0,5,4,6,2],[1,0,1,2,7,5,4,6,4],[1,0,5,4,2],[1,0,3,7,4,6,3],[4,0,1,2,3,6,4,5,4],[4,0,3,4,5,2],[21,0,1,2,3,3],[22,0,1,2,2],[23,0,1,2,3,2],[24,0,1],[25,0,1],[26,0,1],[27,0,1],[28,0,1,2,1],[6,0,1,2,3,4,5,4],[30,0,1,2,3,4,5,5],[7,0,1,3,2,3],[31,0,1,1],[8,2,0,1,4,4],[8,0,1,3,4,4],[9,0,2,3,2],[9,1,2,3,2],[37,0,1,2,3,2],[10,0,1,2,3,2],[38,0,1,2,3,4,5,6,1],[39,0,1,2,3,4,3],[40,0,1],[41,0,1,2,2],[42,1],[43,1],[44,0,1,3],[45,1],[11,0,1,1],[11,0,1],[46,0,1],[12,1,0,2,3,3],[12,0,2,2],[48,0,1,2,1],[49,0,1,2,3],[13,0,2,1,4,4],[13,0,1,3,4,4],[50,0,1],[51,0,1,1],[52,0,1],[14,2,3,4,5,6,0,7,8,7],[15,0,1,2],[53,0,1,2],[54,0,1,1],[55,0,1,2,3,2],[56,0,1,2,3,4,5,6,7,5],[57,0,1,2,3,2],[58,0,1,2,1],[59,0,1,2,3,1],[60,0,1,1],[61,0,1,2],[62,0,1,2,3,2],[66,0,1,1],[67,0,1],[68,0,1],[69,0,1,1],[70,0,1,2,3,4,3],[71,1],[72,0,1],[74,0,1,2,3,4,2],[75,0,1,2,3,4,3],[76,0,1,2,1],[77,1],[17,0,1,3,2,4,5,6,7,8,9,10,5],[17,0,1,2,4,5,6,7,8,9,10,4]],[[[{"name":"default_scrollbar_bg","rect":{"x":0,"y":0,"width":30,"height":15},"offset":{"x":0,"y":0},"originalSize":{"width":30,"height":15},"rotated":false,"capInsets":[10,4,10,4],"vertices":{"rawPosition":[-15,-7.5,0,15,-7.5,0,-15,7.5,0,15,7.5,0],"indexes":[0,1,2,2,1,3],"uv":[0,15,30,15,0,0,30,0],"nuv":[0,0,1,0,0,1,1,1],"minPos":{"x":-15,"y":-7.5,"z":0},"maxPos":{"x":15,"y":7.5,"z":0}},"packable":true,"pixelsToUnit":100,"pivot":{"x":0.5,"y":0.5},"meshType":0}],[3],0,[0],[8],[26]],[[[32,"Skin-0",2593388294,["root/pelvis","root/pelvis/thigh_r","root/pelvis/thigh_r/calf_r","root/pelvis/thigh_r/calf_r/foot_r","root/pelvis/thigh_r/calf_r/foot_r/ball_r","root/pelvis/thigh_l","root/pelvis/thigh_l/calf_l","root/pelvis/thigh_l/calf_l/foot_l","root/pelvis/thigh_l/calf_l/foot_l/ball_l","root/pelvis/spine_01","root/pelvis/spine_01/spine_02","root/pelvis/spine_01/spine_02/spine_03","root/pelvis/spine_01/spine_02/spine_03/clavicle_r","root/pelvis/spine_01/spine_02/spine_03/clavicle_r/upperarm_r","root/pelvis/spine_01/spine_02/spine_03/clavicle_r/upperarm_r/upperarm_twist_01_r","root/pelvis/spine_01/spine_02/spine_03/clavicle_r/upperarm_r/lowerarm_r","root/pelvis/spine_01/spine_02/spine_03/clavicle_r/upperarm_r/lowerarm_r/lowerarm_twist_01_r","root/pelvis/spine_01/spine_02/spine_03/clavicle_r/upperarm_r/lowerarm_r/hand_r","root/pelvis/spine_01/spine_02/spine_03/clavicle_r/upperarm_r/lowerarm_r/hand_r/index_01_r","root/pelvis/spine_01/spine_02/spine_03/clavicle_r/upperarm_r/lowerarm_r/hand_r/index_01_r/index_02_r","root/pelvis/spine_01/spine_02/spine_03/clavicle_r/upperarm_r/lowerarm_r/hand_r/index_01_r/index_02_r/index_03_r","root/pelvis/spine_01/spine_02/spine_03/clavicle_r/upperarm_r/lowerarm_r/hand_r/thumb_01_r","root/pelvis/spine_01/spine_02/spine_03/clavicle_r/upperarm_r/lowerarm_r/hand_r/thumb_01_r/thumb_02_r","root/pelvis/spine_01/spine_02/spine_03/clavicle_r/upperarm_r/lowerarm_r/hand_r/thumb_01_r/thumb_02_r/thumb_03_r","root/pelvis/spine_01/spine_02/spine_03/clavicle_r/upperarm_r/lowerarm_r/hand_r/pinky_01_r","root/pelvis/spine_01/spine_02/spine_03/clavicle_r/upperarm_r/lowerarm_r/hand_r/pinky_01_r/pinky_02_r","root/pelvis/spine_01/spine_02/spine_03/clavicle_r/upperarm_r/lowerarm_r/hand_r/pinky_01_r/pinky_02_r/pinky_03_r","root/pelvis/spine_01/spine_02/spine_03/clavicle_r/upperarm_r/lowerarm_r/hand_r/ring_01_r","root/pelvis/spine_01/spine_02/spine_03/clavicle_r/upperarm_r/lowerarm_r/hand_r/ring_01_r/ring_02_r","root/pelvis/spine_01/spine_02/spine_03/clavicle_r/upperarm_r/lowerarm_r/hand_r/ring_01_r/ring_02_r/ring_03_r","root/pelvis/spine_01/spine_02/spine_03/clavicle_r/upperarm_r/lowerarm_r/hand_r/middle_01_r","root/pelvis/spine_01/spine_02/spine_03/clavicle_r/upperarm_r/lowerarm_r/hand_r/middle_01_r/middle_02_r","root/pelvis/spine_01/spine_02/spine_03/clavicle_r/upperarm_r/lowerarm_r/hand_r/middle_01_r/middle_02_r/middle_03_r","root/pelvis/spine_01/spine_02/spine_03/neck_01","root/pelvis/spine_01/spine_02/spine_03/neck_01/head1","root/pelvis/spine_01/spine_02/spine_03/clavicle_l","root/pelvis/spine_01/spine_02/spine_03/clavicle_l/upperarm_l","root/pelvis/spine_01/spine_02/spine_03/clavicle_l/upperarm_l/upperarm_twist_01_l","root/pelvis/spine_01/spine_02/spine_03/clavicle_l/upperarm_l/lowerarm_l","root/pelvis/spine_01/spine_02/spine_03/clavicle_l/upperarm_l/lowerarm_l/hand_l","root/pelvis/spine_01/spine_02/spine_03/clavicle_l/upperarm_l/lowerarm_l/hand_l/middle_01_l","root/pelvis/spine_01/spine_02/spine_03/clavicle_l/upperarm_l/lowerarm_l/hand_l/middle_01_l/middle_02_l","root/pelvis/spine_01/spine_02/spine_03/clavicle_l/upperarm_l/lowerarm_l/hand_l/middle_01_l/middle_02_l/middle_03_l","root/pelvis/spine_01/spine_02/spine_03/clavicle_l/upperarm_l/lowerarm_l/hand_l/ring_01_l","root/pelvis/spine_01/spine_02/spine_03/clavicle_l/upperarm_l/lowerarm_l/hand_l/ring_01_l/ring_02_l","root/pelvis/spine_01/spine_02/spine_03/clavicle_l/upperarm_l/lowerarm_l/hand_l/ring_01_l/ring_02_l/ring_03_l","root/pelvis/spine_01/spine_02/spine_03/clavicle_l/upperarm_l/lowerarm_l/hand_l/index_01_l","root/pelvis/spine_01/spine_02/spine_03/clavicle_l/upperarm_l/lowerarm_l/hand_l/index_01_l/index_02_l","root/pelvis/spine_01/spine_02/spine_03/clavicle_l/upperarm_l/lowerarm_l/hand_l/index_01_l/index_02_l/index_03_l","root/pelvis/spine_01/spine_02/spine_03/clavicle_l/upperarm_l/lowerarm_l/hand_l/thumb_01_l","root/pelvis/spine_01/spine_02/spine_03/clavicle_l/upperarm_l/lowerarm_l/hand_l/thumb_01_l/thumb_02_l","root/pelvis/spine_01/spine_02/spine_03/clavicle_l/upperarm_l/lowerarm_l/hand_l/thumb_01_l/thumb_02_l/thumb_03_l","root/pelvis/spine_01/spine_02/spine_03/clavicle_l/upperarm_l/lowerarm_l/hand_l/pinky_01_l","root/pelvis/spine_01/spine_02/spine_03/clavicle_l/upperarm_l/lowerarm_l/hand_l/pinky_01_l/pinky_02_l","root/pelvis/spine_01/spine_02/spine_03/clavicle_l/upperarm_l/lowerarm_l/hand_l/pinky_01_l/pinky_02_l/pinky_03_l","root/pelvis/spine_01/spine_02/spine_03/clavicle_l/upperarm_l/lowerarm_l/lowerarm_twist_01_l","root/pelvis/spine_01/spine_02/spine_03/neck_01/head1/hair1/hair2/hair3/hair4/hair5/hair6/hair7","root/pelvis/spine_01/spine_02/spine_03/neck_01/head1/hair1/hair2/hair3/hair4/hair5/hair6","root/pelvis/spine_01/spine_02/spine_03/neck_01/head1/hair1/hair2/hair3/hair4/hair5","root/pelvis/spine_01/spine_02/spine_03/neck_01/head1/hair1/hair2/hair3/hair4","root/pelvis/spine_01/spine_02/spine_03/neck_01/head1/hair1/hair2/hair3","root/pelvis/spine_01/spine_02/spine_03/neck_01/head1/hair1/hair2","root/pelvis/spine_01/spine_02/spine_03/neck_01/head1/hair1"],[[[7,1.1472373273591074e-7,3.0077700330366497e-7,-1,0,0.9999930262565613,0.003657170105725527,1.1582299919155048e-7,0,0.003657170105725527,-0.9999930262565613,-3.003555093528121e-7,0,-1.0243059396743774,-0.014307130128145218,-6.298159860307351e-7,1],[7,-0.08715584874153137,-0.14724700152873993,-0.9852519631385803,0,-0.9957510232925415,-0.01662830077111721,0.09056970477104187,0,-0.02971918322145939,0.9889600276947021,-0.14517207443714142,0,1.0053534507751465,0.00822083093225956,-0.1755470484495163,1],[7,-0.06856124103069305,-0.07030440866947174,-0.9951670169830322,0,-0.9863030314445496,-0.14522500336170197,0.07821010053157806,0,-0.15002159774303436,0.9868980050086975,-0.05938462167978287,0,0.5104280710220337,0.08561308681964874,-0.16899384558200836,1],[7,0.04523320496082306,-0.061424799263477325,-0.9970859885215759,0,-0.9987519979476929,-0.02394239977002144,-0.04383379966020584,0,-0.02118014544248581,0.997825026512146,-0.062431082129478455,0,0.13779950141906738,0.07175619155168533,-0.15334321558475494,1],[7,0.061424825340509415,0.010408096015453339,-0.9980570077896118,0,0.023942485451698303,-0.9996730089187622,-0.008951420895755291,0,-0.997825026512146,-0.02334611862897873,-0.06165389344096184,0,0.09402201324701309,0.027916742488741875,-0.15360957384109497,1],[7,-0.08715565502643585,-0.14724700152873993,-0.9852519631385803,0,0.9957510232925415,0.01662830077111721,-0.09056950360536575,0,0.02971915528178215,-0.9889600276947021,0.14517207443714142,0,-1.005353569984436,-0.008220920339226723,0.1755468249320984,1],[7,-0.06856115907430649,-0.07030370831489563,-0.9951670169830322,0,0.9863030910491943,0.14522500336170197,-0.07820990681648254,0,0.15002155303955078,-0.9868980050086975,0.05938394367694855,0,-0.5104284286499023,-0.08561421930789948,0.1689920872449875,1],[7,0.04523349925875664,-0.06142419949173927,-0.9970859885215759,0,0.9987519979476929,0.023942500352859497,0.043834101408720016,0,0.021180255338549614,-0.997825026512146,0.0624304935336113,0,-0.13780131936073303,-0.07175848633050919,0.15334150195121765,1],[7,0.06142425164580345,0.010405927896499634,-0.9980570077896118,0,-0.02394241839647293,0.9996730089187622,0.008949266746640205,0,0.997825026512146,0.02334619127213955,0.061653267592191696,0,-0.09402046352624893,-0.027918053790926933,0.15360762178897858,1],[7,8.753216320656065e-7,0.0000011116700306956773,-1,0,0.9917539954185486,0.12815499305725098,0.0000010105701448992477,0,0.12815499305725098,-0.9917539954185486,-9.903267255140236e-7,0,-1.0841890573501587,-0.1473303586244583,-0.0000015959301435941597,1],[7,-0.0000014836932678008452,4.287133776870178e-7,-1,0,0.9931700229644775,-0.11667200177907944,-0.000001523579953754961,0,-0.11667200177907944,-0.9931700229644775,-2.5268005288126005e-7,0,-1.2607438564300537,0.13284076750278473,0.000001607680019333202,1],[7,-0.0000014611604228775832,5.001550675842736e-7,-1,0,0.9863449931144714,-0.16469399631023407,-0.000001523579953754961,0,-0.16469399631023407,-0.9863449931144714,-2.526809623759618e-7,0,-1.3869386911392212,0.19612015783786774,0.000001607680019333202,1],[7,0.9563050270080566,-0.27693799138069153,0.09373971819877625,0,0.10487539321184158,0.02564109116792679,-0.9941549897193909,0,0.27291569113731384,0.9605460166931152,0.0535646453499794,0,-0.13647101819515228,-0.02682134322822094,1.5194389820098877,1],[7,0.5165572166442871,0.016218911856412888,0.856099009513855,0,0.8544368743896484,0.055319491773843765,-0.5166019797325134,0,-0.0557377003133297,0.9983369708061218,0.014717641286551952,0,-1.2235453128814697,-0.02021973766386509,0.9137396812438965,1],[7,0.5165565609931946,-0.27688199281692505,0.810249924659729,0,0.8544372320175171,0.2282790094614029,-0.4667179584503174,0,-0.05573730915784836,0.9333940148353577,0.35449716448783875,0,-1.2185468673706055,-0.33080190420150757,0.8519972562789917,1],[7,0.4817109704017639,0.18721400201320648,0.8560990691184998,0,0.7873149514198303,0.33653900027275085,-0.5166018605232239,0,-0.38482609391212463,0.922872006893158,0.014718132093548775,0,-0.9020575284957886,-0.3296191394329071,0.9065005779266357,1],[7,0.4817109704017639,0.18721400201320648,0.8560990691184998,0,0.7873149514198303,0.33653900027275085,-0.5166018605232239,0,-0.38482609391212463,0.922872006893158,0.014718132093548775,0,-0.7620574235916138,-0.3296191990375519,0.9065008163452148,1],[7,0.4817104935646057,-0.778473973274231,0.4024101793766022,0,0.787314772605896,0.5861020088195801,0.19136486947536469,0,-0.3848258852958679,0.22464105486869812,0.8952349424362183,0,-0.6323047280311584,-0.9609246850013733,-0.08376774936914444,1],[7,0.4448045790195465,-0.8205011487007141,0.3590637445449829,0,0.7676404714584351,0.5557908415794373,0.31910017132759094,0,-0.4613865613937378,0.1336946040391922,0.877068042755127,0,-0.5235781073570251,-0.9284698367118835,-0.24434681236743927,1],[7,0.2955687344074249,-0.8852748870849609,0.35906386375427246,0,0.8524900078773499,0.41404810547828674,0.3191000521183014,0,-0.43116116523742676,0.21178226172924042,0.877068042755127,0,-0.640049934387207,-0.8283856511116028,-0.24439096450805664,1],[7,0.2955687344074249,-0.8852748870849609,0.35906386375427246,0,0.8524900078773499,0.41404810547828674,0.3191000521183014,0,-0.43116116523742676,0.21178226172924042,0.877068042755127,0,-0.6165118217468262,-0.8266471028327942,-0.24420753121376038,1],[7,-0.08374592661857605,-0.8955449461936951,0.4370189905166626,0,0.6459514498710632,0.2851521074771881,0.7081210017204285,0,-0.7587715983390808,0.3415950834751129,0.5545979738235474,0,-0.6569572687149048,-0.6805139780044556,-0.5916277766227722,1],[7,-0.08374592661857605,-0.8955449461936951,0.4370189905166626,0,0.6459514498710632,0.2851521074771881,0.7081210017204285,0,-0.7587715983390808,0.3415950834751129,0.5545979738235474,0,-0.6182615160942078,-0.6805151700973511,-0.5916279554367065,1],[7,-0.08374592661857605,-0.8955449461936951,0.4370189905166626,0,0.6459514498710632,0.2851521074771881,0.7081210017204285,0,-0.7587715983390808,0.3415950834751129,0.5545979738235474,0,-0.5872665643692017,-0.6805152297019958,-0.5916277766227722,1],[7,0.49776747822761536,-0.8657389879226685,-0.05218388885259628,0,0.8668897151947021,0.4947510063648224,0.06101929396390915,0,-0.027008740231394768,-0.07561105489730835,0.9967719912528992,0,-0.6370142698287964,-0.8800073862075806,-0.12539325654506683,1],[7,0.49776747822761536,-0.8657389879226685,-0.05218388885259628,0,0.8668897151947021,0.4947510063648224,0.06101929396390915,0,-0.027008740231394768,-0.07561105489730835,0.9967719912528992,0,-0.6052402257919312,-0.8800065517425537,-0.12539322674274445,1],[7,0.49776747822761536,-0.8657389879226685,-0.05218388885259628,0,0.8668897151947021,0.4947510063648224,0.06101929396390915,0,-0.027008740231394768,-0.07561105489730835,0.9967719912528992,0,-0.5867740511894226,-0.8800099492073059,-0.12539295852184296,1],[7,0.4702231287956238,-0.882157027721405,-0.026263991370797157,0,0.8795409202575684,0.46595901250839233,0.09638699889183044,0,-0.07279054075479507,-0.06842367351055145,0.9949970245361328,0,-0.6587665677070618,-0.8600360751152039,-0.16965793073177338,1],[7,0.4702231287956238,-0.882157027721405,-0.026263991370797157,0,0.8795409202575684,0.46595901250839233,0.09638699889183044,0,-0.07279054075479507,-0.06842367351055145,0.9949970245361328,0,-0.6187665462493896,-0.8600371479988098,-0.1696578860282898,1],[7,0.4702231287956238,-0.882157027721405,-0.026263991370797157,0,0.8795409202575684,0.46595901250839233,0.09638699889183044,0,-0.07279054075479507,-0.06842367351055145,0.9949970245361328,0,-0.5907665491104126,-0.8600374460220337,-0.16965797543525696,1],[7,0.43387386202812195,-0.8691861033439636,0.23720897734165192,0,0.8643820285797119,0.47583693265914917,0.16255101561546326,0,-0.25416016578674316,0.1345125138759613,0.9577620029449463,0,-0.6440050005912781,-0.8781372904777527,-0.12985113263130188,1],[7,0.43387386202812195,-0.8691861033439636,0.23720897734165192,0,0.8643820285797119,0.47583693265914917,0.16255101561546326,0,-0.25416016578674316,0.1345125138759613,0.9577620029449463,0,-0.6008225679397583,-0.8797062635421753,-0.1297048032283783,1],[7,0.43387386202812195,-0.8691861033439636,0.23720897734165192,0,0.8643820285797119,0.47583693265914917,0.16255101561546326,0,-0.25416016578674316,0.1345125138759613,0.9577620029449463,0,-0.5771967172622681,-0.8777152299880981,-0.130280539393425,1],[7,8.574481284995272e-7,-3.904749803496088e-7,-1,0,0.97017902135849,0.24239100515842438,7.372300387942232e-7,0,0.24239100515842438,-0.97017902135849,5.866679089194804e-7,0,-1.503325343132019,-0.436145156621933,-0.0000020166501144558424,1],[7,-0.000002907501311710803,-4.1137195694318507e-7,-1,0,0.9997349977493286,-0.023040499538183212,-0.0000028972499421797693,0,-0.023040499538183212,-0.9997349977493286,4.782527867064346e-7,0,-1.6556402444839478,-0.0016298199770972133,0.000004007789812021656,1],[7,0.9563049674034119,-0.27693700790405273,0.09373673051595688,0,-0.10486922413110733,-0.025630736723542213,0.994156002998352,0,-0.2729159891605377,-0.9605460166931152,-0.05355300009250641,0,0.13646116852760315,0.026805583387613297,-1.5194400548934937,1],[7,0.5165587663650513,0.01621958799660206,0.8560979962348938,0,-0.8544361591339111,-0.05530780553817749,0.5166040062904358,0,0.05572798103094101,-0.998337984085083,-0.014711127616465092,0,1.2235465049743652,0.02020198293030262,-0.9137395620346069,1],[7,0.5165587663650513,0.01621938869357109,0.8560979962348938,0,-0.8544360995292664,-0.05530770868062973,0.5166040062904358,0,0.05572779104113579,-0.998337984085083,-0.014711246825754642,0,1.218546748161316,0.020201953127980232,-0.9137389659881592,1],[7,0.4817119240760803,0.18721599876880646,0.8560979962348938,0,-0.7873178720474243,-0.3365280032157898,0.5166040062904358,0,0.38481733202934265,-0.9228760004043579,-0.014711037278175354,0,0.9020636677742004,0.3296040892601013,-0.9064982533454895,1],[7,0.4817120432853699,-0.7784720659255981,0.4024110436439514,0,-0.7873178124427795,-0.5861009359359741,-0.1913539618253708,0,0.3848172724246979,-0.22464781999588013,-0.8952369689941406,0,0.6323121190071106,0.960917592048645,0.08375409990549088,1],[7,0.43387675285339355,-0.8691851496696472,0.23720994591712952,0,-0.8643831014633179,-0.47583889961242676,-0.1625390350818634,0,0.2541501522064209,-0.13451848924160004,-0.9577640295028687,0,0.644008457660675,0.878136157989502,0.12984006106853485,1],[7,0.43387675285339355,-0.8691851496696472,0.23720994591712952,0,-0.8643831014633179,-0.47583889961242676,-0.1625390350818634,0,0.2541501522064209,-0.13451848924160004,-0.9577640295028687,0,0.6008260846138,0.8797052502632141,0.12969417870044708,1],[7,0.43387675285339355,-0.8691851496696472,0.23720994591712952,0,-0.8643831014633179,-0.47583889961242676,-0.1625390350818634,0,0.2541501522064209,-0.13451848924160004,-0.9577640295028687,0,0.577200174331665,0.8777142763137817,0.13027016818523407,1],[7,0.4702262878417969,-0.8821550011634827,-0.026263177394866943,0,-0.8795398473739624,-0.4659630060195923,-0.09637539088726044,0,0.07278033345937729,0.06841771304607391,-0.9949989914894104,0,0.6587676405906677,0.8600372076034546,0.1696464568376541,1],[7,0.4702262878417969,-0.8821550011634827,-0.026263177394866943,0,-0.8795398473739624,-0.4659630060195923,-0.09637539088726044,0,0.07278033345937729,0.06841771304607391,-0.9949989914894104,0,0.6187676787376404,0.8600382804870605,0.16964684426784515,1],[7,0.4702262878417969,-0.8821550011634827,-0.026263177394866943,0,-0.8795398473739624,-0.4659630060195923,-0.09637539088726044,0,0.07278033345937729,0.06841771304607391,-0.9949989914894104,0,0.5907676815986633,0.8600385785102844,0.1696472018957138,1],[7,0.4448069632053375,-0.8204989433288574,0.3590649962425232,0,-0.7676439881324768,-0.5557920336723328,-0.31908899545669556,0,0.4613780975341797,-0.13370107114315033,-0.8770710229873657,0,0.5235832333564758,0.9284688830375671,0.24433666467666626,1],[7,0.2955707609653473,-0.8852736949920654,0.35906529426574707,0,-0.852493941783905,-0.4140482544898987,-0.319088876247406,0,0.4311515986919403,-0.21178773045539856,-0.8770709037780762,0,0.6400559544563293,0.8283836245536804,0.24438124895095825,1],[7,0.2955707609653473,-0.8852736949920654,0.35906529426574707,0,-0.852493941783905,-0.4140482544898987,-0.319088876247406,0,0.4311515986919403,-0.21178773045539856,-0.8770709037780762,0,0.6165178418159485,0.8266452550888062,0.24419806897640228,1],[7,-0.08374428004026413,-0.8955441117286682,0.4370211660861969,0,-0.6459603309631348,-0.28515082597732544,-0.7081129550933838,0,0.7587637305259705,-0.34159886837005615,-0.5546059608459473,0,0.6569666266441345,0.6805095672607422,0.5916213393211365,1],[7,-0.08374428004026413,-0.8955441117286682,0.4370211660861969,0,-0.6459603309631348,-0.28515082597732544,-0.7081129550933838,0,0.7587637305259705,-0.34159886837005615,-0.5546059608459473,0,0.6182700395584106,0.6805097460746765,0.5916208028793335,1],[7,-0.08374428004026413,-0.8955441117286682,0.4370211660861969,0,-0.6459603309631348,-0.28515082597732544,-0.7081129550933838,0,0.7587637305259705,-0.34159886837005615,-0.5546059608459473,0,0.5872758626937866,0.6805112957954407,0.591621994972229,1],[7,0.49776968359947205,-0.8657379746437073,-0.052183207124471664,0,-0.8668891787528992,-0.49475398659706116,-0.06100780516862869,0,0.026998938992619514,0.0756048932671547,-0.9967719912528992,0,0.6370165944099426,0.8800084590911865,0.12538179755210876,1],[7,0.49776968359947205,-0.8657379746437073,-0.052183207124471664,0,-0.8668891787528992,-0.49475398659706116,-0.06100780516862869,0,0.026998938992619514,0.0756048932671547,-0.9967719912528992,0,0.6052425503730774,0.8800075650215149,0.12538208067417145,1],[7,0.49776968359947205,-0.8657379746437073,-0.052183207124471664,0,-0.8668891787528992,-0.49475398659706116,-0.06100780516862869,0,0.026998938992619514,0.0756048932671547,-0.9967719912528992,0,0.5867763161659241,0.8800109624862671,0.12538199126720428,1],[7,0.4817119240760803,0.18721599876880646,0.8560979962348938,0,-0.7873178720474243,-0.3365280032157898,0.5166040062904358,0,0.38481733202934265,-0.9228760004043579,-0.014711037278175354,0,0.7620636224746704,0.3296041488647461,-0.9064981341362,1],[7,6.048640438774787e-17,5.1703681885068093e-17,1,0,-0.9878180027008057,0.15561500191688538,5.170367195890074e-17,0,-0.15561500191688538,-0.9878180027008057,6.048639777030297e-17,0,1.3162453174591064,-0.4015166163444519,-5.885503878367079e-17,1],[7,5.786890714460957e-17,4.1217586051627266e-17,1,0,-0.9450709819793701,0.3268660008907318,4.1217576125459916e-17,0,-0.3268660008907318,-0.9450709819793701,5.786889390971977e-17,0,1.2739146947860718,-0.6266807317733765,-4.7889753912655546e-17,1],[7,5.886154373200791e-17,4.4358734944625934e-17,1,0,-0.9612820148468018,0.2755669951438904,4.4358728327181034e-17,0,-0.2755669951438904,-0.9612820148468018,5.886153711456301e-17,0,1.3598461151123047,-0.5572625398635864,-5.5323166165249026e-17,1],[7,6.076556791831717e-17,5.368628822956989e-17,1,0,-0.992376983165741,0.12323600053787231,5.368630808190459e-17,0,-0.12323600053787231,-0.992376983165741,6.076558777065187e-17,0,1.483213186264038,-0.33974871039390564,-7.188850017919522e-17,1],[7,6.070433670065354e-17,5.3208237392518345e-17,1,0,-0.9913769960403442,0.13104400038719177,5.3208214231461194e-17,0,-0.13104400038719177,-0.9913769960403442,6.070430361342904e-17,0,1.5413124561309814,-0.35141322016716003,-7.486620480059831e-17,1],[7,5.560704462530987e-17,3.5595338689777843e-17,1,0,-0.908132016658783,0.4186840057373047,3.5595338689777843e-17,0,-0.4186840057373047,-0.908132016658783,5.560704462530987e-17,0,1.4269310235977173,-0.7919921875,-5.1156190889953946e-17,1],[7,5.1632273037147616e-17,2.831566291711102e-17,1,0,-0.843218982219696,0.5375699996948242,2.831566622583347e-17,0,-0.5375699996948242,-0.843218982219696,5.1632276345870066e-17,0,1.3688381910324097,-0.9772818088531494,-4.300384949721103e-17,1]],8,8,8,8,8,8,8,8,8,8,8,8,8,8,8,8,8,8,8,8,8,8,8,8,8,8,8,8,8,8,8,8,8,8,8,8,8,8,8,8,8,8,8,8,8,8,8,8,8,8,8,8,8,8,8,8,8,8,8,8,8,8,8]]],0,0,[],[],[]],[[[42,".bin",1207823161,[{"primitives":[{"primitiveMode":7,"vertexBundelIndices":[0],"indexView":{"offset":292824,"length":22230,"count":11115,"stride":2}}],"vertexBundles":[{"view":{"offset":0,"length":292824,"count":4067,"stride":72},"attributes":[{"name":"a_position","format":32,"isNormalized":false},{"name":"a_normal","format":32,"isNormalized":false},{"name":"a_texCoord","format":21,"isNormalized":false},{"name":"a_tangent","format":44,"isNormalized":false},{"name":"a_joints","format":42,"isNormalized":false},{"name":"a_weights","format":44,"isNormalized":false}]}]},"minPosition",8,[1,-0.03783285245299339,-0.06917634606361389,-0.30464527010917664],"maxPosition",8,[1,0.03783285245299339,0.1823776215314865,0.357725590467453]]],-1],0,0,[],[],[]],[[[32,"Skin-1",799790206,["root/ik_hand_root/gun_root"],[[[7,0.6666669845581055,4.2250374748288577e-13,5.37301160594833e-13,0,-4.2250374748288577e-13,0.6666669845581055,-6.020370833803579e-13,0,-5.37301160594833e-13,6.020370833803579e-13,0.6666669845581055,0,0,0,0,1]],8]]],0,0,[],[],[]],[[[43,"scene-animation-graph"],[44,"stairs",[-2,-3,-4,-5,-6,-7,-8,-9,-10,-11,-12,-13,-14,-15,-16,-17,-18,-19,-20,-21,-22,-23,-24,-25,-26,-27,-28,-29,-30,-31,-32],[[67,false,40,-1,[1,0,0.25,0.2]]],[1,8.183,0.116,8.468]],[61,"animation_pose_move",[-44,-45,-46,-47,-48,-49,-50],[[-33,[68,3,-35,-34],[69,true,-37,-36,[4,4294967295]],[70,-38],[71,-39],[72,-40],[73,-41],[74,-43,-42,[40]]],1,4,4,4,4,4,4,4],[1,0,0.067,0]],[16,0,{},[75,"ccLlF8xBxHBqyniG36nIf+",null,[],-70,[77,"abK5N6jqVBqpaoSiCznzVn",null,[[78,[8,["ccLlF8xBxHBqyniG36nIf+"]],[[79,false,4,3,-68],[81,false,-69,[1,0,1,0]]]]],[[10,"player-test",["_name"],-51],[9,["_lpos"],-52,[1,0,1.094,0]],[9,["_lrot"],-53,[3,0,0,0,1]],[9,["_euler"],-54,[1,0,0,0]],[10,0,["_angularDamping"],-55],[9,["_angularFactor"],-56,[1,0,0,0]],[24,null,["lookAtTarget"],[8,["d0TDClCEtJkJapEghDQEYf"]]],[24,true,["_enabled"],[8,["e6tAgcAM9If5Is6FW+RxDL"]]],[10,true,["_enabled"],-57],[24,true,["_enabled"],[8,["f3ycHW/GlONali4/1ueaHr"]]],[10,false,["forceOffScreen"],-58],[10,7,["_clearFlags"],-59],[29,["_lpos"],[8,["c2VKsW1VxHvoTJ9zASsItK"]],[1,0,0,0]],[10,1083179011,["_visibility"],-60],[29,["_lpos"],[8,["c4JmorPupEZKBLQgQ2m6W+"]],[1,0.5,1.442,6.234]],[10,1,["_near"],-61],[24,false,["_enabled"],[8,["82Ix23+n1DSoO67GYuQ3Cs"]]],[10,45,["_fov"],-62],[9,["_color"],-63,[4,4281545523]],[10,true,["isMainCamera"],-64],[10,true,["_usePostProcess"],-65],[29,["_lpos"],[8,["ffDyeSzfRBLLh/37qLDIbL"]],[1,0.5,0.449,3.943]],[10,false,["_active"],-66],[10,false,["_enabled"],-67]]],0]],[83,"scene-animation-graph",[-81,-82,3,-83,-84,-85,-86,-87,-88,-89,-90,-91,-92,-93],[76,null,null,"edf9c44e-a522-4389-8122-95da5127bc2e",null,[[84,["rigid"],-80,3,[8,["cdqA2u0zBJmaaHx4hUFlfo"]]],[18,["_skinningRoot"],3,[8,["d0r5YDRbJKjbpEs0J67m2I"]],3,[8,["661K6ZYxZJxpyXWvbKAJRo"]]],[18,["targetNode"],3,[8,["d0TDClCEtJkJapEghDQEYf"]],3,[8,["ffDyeSzfRBLLh/37qLDIbL"]]],[18,["cameraNode"],3,[8,["d0TDClCEtJkJapEghDQEYf"]],3,[8,["c4JmorPupEZKBLQgQ2m6W+"]]],[18,["targets","0"],3,[8,["d0TDClCEtJkJapEghDQEYf"]],3,[8,["ffDyeSzfRBLLh/37qLDIbL"]]],[18,["targets","1"],3,[8,["d0TDClCEtJkJapEghDQEYf"]],3,[8,["b8pV7SkK1AfKq7NGwwnnTm"]]],[18,["targets","2"],3,[8,["d0TDClCEtJkJapEghDQEYf"]],3,[8,["3aOP7BurJC0LjIPKyJGCVV"]]]],[3,-71,-72,-73,-74,-75,-76,-77,-78,-79]],[85,[86,100000,0.8,[2,0.6862745098039216,0.7764705882352941,0.8666666666666667,2.604165625],[2,0.452588,0.607642,0.755699,0],[2,0.618555,0.577848,0.544564,0]],[87,[4,4283190348]],[88,true,152,153],[89],[90],[91,false,5],[92]]],[45,"scenes","76u0h+MjVIwoV37RDXpnrV",4,[-94,-95,-96,1,-97,-98,-99,-100,-101]],[33,"animation_view",[-104,-105,-106],[[93,-102,106],[95,-103]]],[46,"rotation",[-107,-108,-109,-110,-111],[1,0,1.377,0]],[47,"Slider_time_scale",33554432,[-119],[[30,-112,[5,300,20]],[96,1,0,-113,112],[98,-116,[[99,"00aa40ZCddN+IFcSF5x6VEW","onSliderValueChanged",-115]],-114],[100,33,75.44799999999998,54.98700000000002,-117],[102,-118]],[1,441.552,310.013,0]],[48,"Aim_Curve_MainHero",false,"c9nH+ZAUJFYJuK8G22nsPU",4,[-122,-123,-124],[[103,-120,[122,123,124,125]],[104,-121]],[1,-3.236,0,0]],[62,"player-test-cct",false,"b5CCzHML5O0IgDYorakqBY",4,[-127,-128,-129,-130],[[-125,[82,55,-126,[1,0,1,0]]],1,4],[1,0,0.10000002384185791,0]],[12,"hand_r",[-131,-132,-133,-134,-135,-136],[1,-0.2697526812553406,-5.838424499415851e-8,-5.860167675564298e-7],[3,-0.7287154051064746,-0.17707937599546894,0.15662353915731425,0.6427175273317193],[1,-97.18635562113448,0.04153761803666488,27.349063464342677]],[12,"pelvis",[-137,-138,-139,-140,-141],[1,-0.03519532084465027,0.03715160861611366,0.9731665849685669],[3,-0.14183420282796286,-0.7020312119896264,-0.14650895052625496,0.6823271676521668],[1,-23.532081672465072,-91.64033863900595,-0.045263663117884635]],[12,"hand_r",[-142,-143,-144,-145,-146,-147],[1,-0.2697526812553406,-5.838424499415851e-8,-5.860167675564298e-7],[3,-0.7287154051064746,-0.17707937599546894,0.15662353915731425,0.6427175273317193],[1,-97.18635562113448,0.04153761803666488,27.349063464342677]],[8,["5cQb0f8ixKGqRwOLyBfiZi"]],[12,"pelvis",[-148,-149,-150,-151,-152],[1,-0.03519532084465027,0.03715160861611366,0.9731665849685669],[3,-0.14183420282796286,-0.7020312119896264,-0.14650895052625496,0.6823271676521668],[1,-23.532081672465072,-91.64033863900595,-0.045263663117884635]],[12,"spine_03",[-153,-154,-155,-156],[1,0.134073,0.004205,3.1044118387058006e-9],[3,0.02720967865686917,-0.03894815220293144,0.044880513088729035,0.9978619214962858],[1,3.32624444089016,-4.616182514290459,5.016899969179602]],[12,"hand_l",[-157,-158,-159,-160,-161],[1,0.2697513699531555,6.109710426471793e-8,-3.103853032371262e-7],[3,0.9802585302941136,0.11591383139239099,-0.14134599353167393,0.07535587296359038],[1,169.37042732520217,17.519725932552433,11.885031456972271]],[49,"camera_player",7,[[31,1083179011,true,-162],[41,-163],[107,false,-164]],[1,0.5,1.442,6.234],[3,-0.1062640713362332,0,0,0.9943379441332046],[1,-12.2,0,0]],[50,"Canvas",false,33554432,"b8cZlyL2JG/rxC04ahq6ND",4,[-169,8],[[30,-165,[5,1334,750]],[108,-167,-166],[101,45,-5.684341886080802e-14,-5.684341886080802e-14,-168]],[1,667,374.99999999999994,0]],[12,"hand_r",[-170,-171,-172,-173,-174],[1,-0.2697528600692749,-6.64376500481012e-8,-4.01978809350112e-7],[3,-0.47485534017153896,0.11602649999116271,0.0828137036755834,0.8684423686658231],[1,-57.61458465314667,16.280046687876002,1.9281521368805896]],[12,"hand_l",[-175,-176,-177,-178,-179],[1,0.2697514593601227,-2.8909589389058965e-8,-2.3386903080790944e-7],[3,-0.4782338852991415,0.12771317668692933,0.13550517287576597,0.85826571851387],[1,-59.40440708974723,20.547098044215936,6.340988773580357]],[23,"root",2,[-180,12,-181],[3,-0.707106870593445,-3.821275999893523e-7,1.685875574683852e-7,0.7071066917795152],[1,-90.00001448901213,-0.000017302816956876753,0.00004462360795105931]],[12,"hand_l",[-182,-183,-184,-185,-186],[1,0.2697513699531555,6.109710426471793e-8,-3.103853032371262e-7],[3,0.9802585302941136,0.11591383139239099,-0.14134599353167393,0.07535587296359038],[1,169.37042732520217,17.519725932552433,11.885031456972271]],[8,["ccLlF8xBxHBqyniG36nIf+"]],[8,["deS0m/kHpAA5ezaysiQPHd"]],[63,"actor-player-tps",[6],[[-187,[109,20,-190,-189,-188]],1,4]],[8,["e8Qr1otTFbV5tJWLP+ZmnA"]],[51,"camera_root",10,[7],[[110,1,2,3,null,-195,-194,18,[-191,-192,-193]],[111,[2,4],-196,7,18],[112,-198,7,-197]]],[80,4,3,null,10],[64,"Handle",33554432,8,[[[30,-199,[5,32,32]],-200,[113,-202,[4,4292269782],-201,111]],4,1,4],[1,-120,0,0]],[12,"spine_03",[-203,-204,-205,-206],[1,0.134073,0.004205,3.1044118387058006e-9],[3,0.02720967865686917,-0.03894815220293144,0.044880513088729035,0.9978619214962858],[1,3.32624444089016,-4.616182514290459,5.016899969179602]],[8,["e8Qr1otTFbV5tJWLP+ZmnA"]],[52,"Main Camera",[-209],[[31,1082130435,true,-207],[41,-208]],[1,0,4.404,5.86],[3,-0.2486898871648548,0,0,0.9685831611286311],[1,-28.8,0,0]],[33,"camera-root",[33],[[114,-210,2],[115,-20,-211],[116,30,-212,[0,1,40],33]]],[34,"ground",5,[[3,"Cube<ModelComponent>",-213,[1],[2],2],[5,-214],[6,4,-215]],[1,140,0.1,70]],[13,"slope",5,[[3,"Cube<ModelComponent>",-216,[3],[2],4],[5,-217],[6,4,-218]],[1,0,1.972,-10.685],[3,0.24184476264797514,0.6644630243886747,0.24184476264797528,0.6644630243886748],[1,10,3.0000000000000004,3],[1,-1.2455757795907134e-14,90,39.99999999999999]],[13,"slope",5,[[3,"Cube<ModelComponent>",-219,[5],[2],6],[5,-220],[6,4,-221]],[1,12.919,2.508,-2.134],[3,0,0,0.4379161701100779,0.8990158107375651],[1,10,3,3],[1,0,0,51.942000000000014]],[34,"board",1,[[3,"Cube<ModelComponent>",-222,[7],[2],8],[5,-223],[6,4,-224]],[1,2,0.1,0.5]],[7,"board",1,[[3,"Cube<ModelComponent>",-225,[9],[2],10],[5,-226],[6,4,-227]],[1,0,0.25,0.2],[1,2,0.1,0.5]],[7,"board",1,[[3,"Cube<ModelComponent>",-228,[11],[2],12],[5,-229],[6,4,-230]],[1,0,0.5,0.4],[1,2,0.1,0.5]],[7,"board",1,[[3,"Cube<ModelComponent>",-231,[13],[2],14],[5,-232],[6,4,-233]],[1,0,0.75,0.6000000000000001],[1,2,0.1,0.5]],[7,"board",1,[[3,"Cube<ModelComponent>",-234,[15],[2],16],[5,-235],[6,4,-236]],[1,0,1,0.8],[1,2,0.1,0.5]],[7,"board",1,[[3,"Cube<ModelComponent>",-237,[17],[2],18],[5,-238],[6,4,-239]],[1,0,1.25,1],[1,2,0.1,0.5]],[7,"board",1,[[3,"Cube<ModelComponent>",-240,[19],[2],20],[5,-241],[6,4,-242]],[1,0,1.5,1.2],[1,2,0.1,0.5]],[7,"board",1,[[3,"Cube<ModelComponent>",-243,[21],[2],22],[5,-244],[6,4,-245]],[1,0,1.75,1.4],[1,2,0.1,0.5]],[7,"board",1,[[3,"Cube<ModelComponent>",-246,[23],[2],24],[5,-247],[6,4,-248]],[1,0,2,1.5999999999999999],[1,2,0.1,0.5]],[7,"board",1,[[3,"Cube<ModelComponent>",-249,[25],[2],26],[5,-250],[6,4,-251]],[1,0,2.25,1.7999999999999998],[1,2,0.1,0.5]],[7,"board",1,[[3,"Cube<ModelComponent>",-252,[27],[2],28],[5,-253],[6,4,-254]],[1,0,2.5,1.9999999999999998],[1,2,0.1,0.5]],[7,"board",1,[[3,"Cube<ModelComponent>",-255,[29],[2],30],[5,-256],[6,4,-257]],[1,0,2.75,2.1999999999999997],[1,2,0.1,0.5]],[7,"board",1,[[3,"Cube<ModelComponent>",-258,[31],[2],32],[5,-259],[6,4,-260]],[1,0,3,2.4]